%YAML:1.0
orbkp: [ 142., 61., 31., 2.3815237426757812e+002,
    6.8526901486620773e-006, 0, -1, 124., 68., 31.,
    1.5377323913574219e+002, 6.6292843257542700e-005, 0, -1, 127., 68.,
    31., 1.2884396362304688e+002, 7.5512874173000455e-004, 0, -1, 122.,
    69., 31., 1.2467004394531250e+002, 1.9614415941759944e-004, 0, -1,
    148., 69., 31., 8.7584335327148438e+001, 3.7285153666744009e-005, 0,
    -1, 128., 70., 31., 1.0303247070312500e+002, 1.2776736402884126e-003,
    0, -1, 114., 71., 31., 6.8811561584472656e+001,
    4.1996088839368895e-005, 0, -1, 123., 71., 31.,
    9.1904205322265625e+001, 3.9340948569588363e-004, 0, -1, 125., 71.,
    31., 9.0459373474121094e+001, 5.0310353981330991e-004, 0, -1, 140.,
    71., 31., 1.0145274353027344e+002, 5.4630939848721027e-004, 0, -1,
    120., 72., 31., 8.6445411682128906e+001, 2.9327502124942839e-004, 0,
    -1, 110., 73., 31., 8.9271186828613281e+001, 1.9576892373152077e-004,
    0, -1, 143., 73., 31., 9.1894165039062500e+001,
    6.6451937891542912e-004, 0, -1, 147., 73., 31.,
    8.8186546325683594e+001, 9.2167620096006431e-006, 0, -1, 105., 74.,
    31., 8.6486320495605469e+001, 1.5239050844684243e-004, 0, -1, 112.,
    74., 31., 7.8858810424804688e+001, 2.4573504924774170e-004, 0, -1,
    115., 74., 31., 7.4024368286132813e+001, 1.3386858336161822e-004, 0,
    -1, 145., 74., 31., 8.9713035583496094e+001, 3.9063626900315285e-004,
    0, -1, 100., 75., 31., 8.4945533752441406e+001,
    3.3657689346000552e-004, 0, -1, 103., 75., 31.,
    8.2123489379882813e+001, 4.2781941010616720e-004, 0, -1, 109., 75.,
    31., 8.0646186828613281e+001, 2.6818522019311786e-004, 0, -1, 118.,
    75., 31., 7.9278839111328125e+001, 2.6641422300599515e-004, 0, -1,
    97., 76., 31., 5.8351291656494141e+001, 4.0169793646782637e-004, 0,
    -1, 105., 76., 31., 8.0105865478515625e+001, 4.6887117787264287e-004,
    0, -1, 95., 77., 31., 4.7881450653076172e+001,
    6.7484471946954727e-004, 0, -1, 103., 77., 31.,
    7.9642379760742188e+001, 7.8111048787832260e-004, 0, -1, 88., 78.,
    31., 3.2105340957641602e+000, 4.0300367982126772e-004, 0, -1, 92.,
    78., 31., 3.8816082000732422e+001, 4.8162028542719781e-004, 0, -1,
    107., 78., 31., 8.0334442138671875e+001, 1.9335933029651642e-004, 0,
    -1, 86., 79., 31., 1.3806044578552246e+001, 6.7753164330497384e-004,
    0, -1, 98., 79., 31., 7.0911132812500000e+001,
    8.6250418098643422e-004, 0, -1, 93., 80., 31.,
    5.7323024749755859e+001, 1.0452916612848639e-003, 0, -1, 101., 80.,
    31., 7.8225585937500000e+001, 6.1176059534773231e-004, 0, -1, 89.,
    81., 31., 5.1575439453125000e+001, 8.2702544750645757e-004, 0, -1,
    86., 82., 31., 5.0682205200195313e+001, 1.1944632278755307e-003, 0,
    -1, 65., 85., 31., 8.2129928588867188e+001, 3.0039500416023657e-005,
    0, -1, 67., 85., 31., 7.6018043518066406e+001,
    1.9512986909830943e-005, 0, -1, 61., 86., 31.,
    7.8009422302246094e+001, 2.8423111871234141e-005, 0, -1, 63., 86.,
    31., 7.7173606872558594e+001, 3.1825522455619648e-005, 0, -1, 57.,
    87., 31., 2.3205690383911133e+001, 3.4929737012134865e-005, 0, -1,
    52., 88., 31., 3.3291168212890625e+002, 1.2265340956219006e-005, 0,
    -1, 63., 88., 31., 7.4225135803222656e+001, 3.7111884012119845e-005,
    0, -1, 68., 89., 31., 7.3594406127929688e+001,
    -1.1577575605770107e-005, 0, -1, 47., 90., 31.,
    3.5792904663085937e+002, 4.2418756493134424e-005, 0, -1, 58., 90.,
    31., 6.6903961181640625e+001, 5.0213457143399864e-005, 0, -1, 52.,
    91., 31., 5.3600170135498047e+001, 3.1367038900498301e-005, 0, -1,
    54., 91., 31., 5.8769660949707031e+001, 3.9320384530583397e-005, 0,
    -1, 47., 93., 31., 5.3412975311279297e+001, 4.1139912354992703e-005,
    0, -1, 33., 98., 31., 1.2593782043457031e+002,
    2.9418137273751199e-004, 0, -1, 38., 100., 31.,
    8.3137901306152344e+001, 6.8767940319958143e-006, 0, -1, 36., 101.,
    31., 9.2241401672363281e+001, 7.9115037806332111e-005, 0, -1,
    1.2720000457763672e+002, 6.9600006103515625e+001,
    3.7200000762939453e+001, 1.1977729034423828e+002,
    7.5982662383466959e-004, 1, -1, 1.2120000457763672e+002,
    7.0800003051757813e+001, 3.7200000762939453e+001,
    1.0126294708251953e+002, 1.3912547728978097e-004, 1, -1, 132.,
    7.0800003051757813e+001, 3.7200000762939453e+001,
    1.0991523742675781e+002, 4.8643394256941974e-004, 1, -1,
    1.4040000915527344e+002, 7.0800003051757813e+001,
    3.7200000762939453e+001, 1.0429621124267578e+002,
    3.5142435808666050e-004, 1, -1, 1.4880000305175781e+002, 72.,
    3.7200000762939453e+001, 8.6955291748046875e+001,
    -1.7261259927181527e-005, 1, -1, 1.1520000457763672e+002,
    7.3200004577636719e+001, 3.7200000762939453e+001,
    8.8014282226562500e+001, 8.4544532001018524e-005, 1, -1,
    1.4280000305175781e+002, 7.3200004577636719e+001,
    3.7200000762939453e+001, 9.5368087768554688e+001,
    3.7852191599085927e-004, 1, -1, 1.0200000762939453e+002,
    7.4400001525878906e+001, 3.7200000762939453e+001,
    1.0050202941894531e+002, 1.5908315253909677e-004, 1, -1,
    1.0920000457763672e+002, 7.4400001525878906e+001,
    3.7200000762939453e+001, 7.6445632934570313e+001,
    1.1718146561179310e-004, 1, -1, 1.0320000457763672e+002,
    7.6800003051757813e+001, 3.7200000762939453e+001,
    8.4533233642578125e+001, 2.4441990535706282e-004, 1, -1,
    9.2400001525878906e+001, 78., 3.7200000762939453e+001,
    3.6682884216308594e+001, 4.9379671690985560e-004, 1, -1,
    9.7200004577636719e+001, 78., 3.7200000762939453e+001,
    6.2383781433105469e+001, 5.4613122483715415e-004, 1, -1,
    9.9600006103515625e+001, 78., 3.7200000762939453e+001,
    7.2528671264648437e+001, 5.9828959638252854e-004, 1, -1,
    1.0680000305175781e+002, 78., 3.7200000762939453e+001,
    7.8667709350585938e+001, 1.4444934095081408e-005, 1, -1,
    8.6400001525878906e+001, 7.9200004577636719e+001,
    3.7200000762939453e+001, 2.0894655227661133e+001,
    8.5790664888918400e-004, 1, -1, 8.6400001525878906e+001,
    8.1600006103515625e+001, 3.7200000762939453e+001,
    4.6675636291503906e+001, 1.2415150413289666e-003, 1, -1,
    6.7200004577636719e+001, 84., 3.7200000762939453e+001,
    4.0214065551757812e+001, 4.3767317947640549e-006, 1, -1,
    6.0000003814697266e+001, 8.6400001525878906e+001,
    3.7200000762939453e+001, 4.1026687622070313e+001,
    1.0627882147673517e-005, 1, -1, 5.1600002288818359e+001,
    8.8800003051757813e+001, 3.7200000762939453e+001,
    1.0224285125732422e+001, 4.7862190513114911e-006, 1, -1,
    5.8800003051757813e+001, 8.8800003051757813e+001,
    3.7200000762939453e+001, 5.9570541381835938e+001,
    1.5199632798612583e-005, 1, -1, 6.1200000762939453e+001,
    8.8800003051757813e+001, 3.7200000762939453e+001,
    6.5634986877441406e+001, 1.0528936400078237e-005, 1, -1,
    4.6800003051757813e+001, 90., 3.7200000762939453e+001,
    3.5548446655273438e+002, 1.5919758880045265e-005, 1, -1,
    5.1600002288818359e+001, 9.1200004577636719e+001,
    3.7200000762939453e+001, 4.8273960113525391e+001,
    4.4982939471083228e-006, 1, -1, 3.7200000762939453e+001,
    1.0080000305175781e+002, 3.7200000762939453e+001,
    9.2378875732421875e+001, 3.1758270779391751e-005, 1, -1,
    1.2672000122070312e+002, 6.9120002746582031e+001,
    4.4640003204345703e+001, 1.3039579772949219e+002,
    4.8202971811406314e-004, 2, -1, 1.2096000671386719e+002,
    7.0560005187988281e+001, 4.4640003204345703e+001,
    1.1466101837158203e+002, 6.3437488279305398e-005, 2, -1,
    1.3248001098632812e+002, 7.0560005187988281e+001,
    4.4640003204345703e+001, 1.1323678588867187e+002,
    3.2983956043608487e-004, 2, -1, 1.3824000549316406e+002, 72.,
    4.4640003204345703e+001, 1.0398636627197266e+002,
    2.3241319286171347e-004, 2, -1, 144., 72., 4.4640003204345703e+001,
    9.9260665893554688e+001, 2.9360869666561484e-004, 2, -1,
    1.0944000244140625e+002, 7.4880004882812500e+001,
    4.4640003204345703e+001, 7.9864547729492188e+001,
